
val(:,:,1) =

   -0.1597   -0.9733    0.1649
    0.9849   -0.1732   -0.0055
    0.0339    0.1616    0.9862


val(:,:,2) =

   -0.1546   -0.9758    0.1543
    0.9858   -0.1677   -0.0099
    0.0355    0.1506    0.9879


val(:,:,3) =

   -0.1566   -0.9766    0.1475
    0.9866   -0.1623   -0.0142
    0.0378    0.1433    0.9890


val(:,:,4) =

   -0.1572   -0.9779    0.1381
    0.9866   -0.1623   -0.0142
    0.0363    0.1340    0.9903


val(:,:,5) =

   -0.1563   -0.9798    0.1244
    0.9866   -0.1623   -0.0142
    0.0341    0.1205    0.9921


val(:,:,6) =

   -0.1588   -0.9814    0.1081
    0.9869   -0.1608   -0.0108
    0.0280    0.1050    0.9941


val(:,:,7) =

   -0.1561   -0.9836    0.0908
    0.9876   -0.1565   -0.0128
    0.0268    0.0876    0.9958


val(:,:,8) =

   -0.1520   -0.9857    0.0730
    0.9884   -0.1512   -0.0171
    0.0279    0.0696    0.9972


val(:,:,9) =

   -0.1496   -0.9870    0.0588
    0.9891   -0.1460   -0.0212
    0.0295    0.0550    0.9980


val(:,:,10) =

   -0.1517   -0.9876    0.0399
    0.9896   -0.1418   -0.0231
    0.0285    0.0360    0.9989


val(:,:,11) =

   -0.1483   -0.9887    0.0225
    0.9902   -0.1377   -0.0250
    0.0278    0.0185    0.9994


val(:,:,12) =

   -0.1441   -0.9896    0.0033
    0.9904   -0.1364   -0.0217
    0.0219    0.0002    0.9997


val(:,:,13) =

   -0.1447   -0.9893   -0.0175
    0.9907   -0.1351   -0.0184
    0.0158   -0.0200    0.9996


val(:,:,14) =

   -0.1398   -0.9894   -0.0389
    0.9907   -0.1351   -0.0184
    0.0130   -0.0411    0.9991


val(:,:,15) =

   -0.1348   -0.9890   -0.0603
    0.9907   -0.1351   -0.0184
    0.0101   -0.0622    0.9980


val(:,:,16) =

   -0.1298   -0.9882   -0.0815
    0.9907   -0.1351   -0.0184
    0.0072   -0.0832    0.9965


val(:,:,17) =

   -0.1296   -0.9863   -0.1025
    0.9906   -0.1357   -0.0163
    0.0022   -0.1037    0.9946


val(:,:,18) =

   -0.1297   -0.9837   -0.1243
    0.9906   -0.1357   -0.0163
   -0.0008   -0.1252    0.9921


val(:,:,19) =

   -0.1328   -0.9811   -0.1406
    0.9906   -0.1357   -0.0163
   -0.0031   -0.1414    0.9899


val(:,:,20) =

   -0.1298   -0.9793   -0.1556
    0.9906   -0.1357   -0.0163
   -0.0052   -0.1563    0.9877


val(:,:,21) =

   -0.1328   -0.9762   -0.1717
    0.9906   -0.1357   -0.0163
   -0.0074   -0.1723    0.9850


val(:,:,22) =

   -0.1357   -0.9728   -0.1878
    0.9906   -0.1357   -0.0163
   -0.0096   -0.1883    0.9821


val(:,:,23) =

   -0.1347   -0.9698   -0.2033
    0.9903   -0.1387   -0.0097
   -0.0188   -0.2026    0.9791


val(:,:,24) =

   -0.1360   -0.9645   -0.2263
    0.9897   -0.1429   -0.0005
   -0.0319   -0.2241    0.9740


val(:,:,25) =

   -0.1323   -0.9604   -0.2451
    0.9898   -0.1428    0.0010
   -0.0360   -0.2425    0.9695


val(:,:,26) =

   -0.1351   -0.9559   -0.2609
    0.9897   -0.1434    0.0030
   -0.0403   -0.2578    0.9653


val(:,:,27) =

   -0.1382   -0.9517   -0.2743
    0.9896   -0.1440    0.0049
   -0.0442   -0.2708    0.9616


